# relative_time, cycles_done, cur_item, corpus_count, pending_total, pending_favs, map_size, saved_crashes, saved_hangs, max_depth, execs_per_sec, total_execs, edges_found, total_crashes, servers_count
61, 566, 0, 3, 0, 0, 0.01%, 0, 0, 1, 4816.40, 283127, 4, 0, 0
66, 615, 0, 3, 0, 0, 0.01%, 0, 0, 1, 4859.47, 307828, 4, 0, 0
71, 664, 0, 3, 0, 0, 0.01%, 0, 0, 1, 4841.59, 332527, 4, 0, 0
76, 713, 0, 3, 0, 0, 0.01%, 0, 0, 1, 4802.74, 357027, 4, 0, 0
81, 763, 0, 3, 0, 0, 0.01%, 0, 0, 1, 4868.24, 381728, 4, 0, 0
87, 812, 0, 3, 0, 0, 0.01%, 0, 0, 1, 4873.40, 406528, 4, 0, 0
92, 858, 0, 3, 0, 0, 0.01%, 0, 0, 1, 4430.58, 429419, 4, 0, 0
97, 903, 0, 3, 0, 0, 0.01%, 0, 0, 1, 4505.35, 452020, 4, 0, 0
102, 953, 0, 3, 0, 0, 0.01%, 0, 0, 1, 4754.57, 476926, 4, 0, 0
107, 1000, 0, 3, 0, 0, 0.01%, 0, 0, 1, 4480.05, 500120, 4, 0, 0
112, 1049, 0, 3, 0, 0, 0.01%, 0, 0, 1, 4757.41, 524930, 4, 0, 0
118, 1097, 0, 3, 0, 0, 0.01%, 0, 0, 1, 4734.64, 549025, 4, 0, 0
123, 1147, 0, 3, 0, 0, 0.01%, 0, 0, 1, 4832.72, 574027, 4, 0, 0
128, 1197, 0, 3, 0, 0, 0.01%, 0, 0, 1, 4758.72, 598726, 4, 0, 0
133, 1243, 0, 3, 0, 0, 0.01%, 0, 0, 1, 4459.69, 621720, 4, 0, 0
138, 1287, 0, 3, 0, 0, 0.01%, 0, 0, 1, 4347.68, 644018, 4, 0, 0
143, 1336, 0, 3, 0, 0, 0.01%, 0, 0, 1, 4599.26, 668123, 4, 0, 0
149, 1383, 0, 3, 0, 0, 0.01%, 0, 0, 1, 4581.74, 691922, 4, 0, 0
154, 1429, 0, 3, 0, 0, 0.01%, 0, 0, 1, 4578.47, 715030, 4, 0, 0
159, 1478, 0, 3, 0, 0, 0.01%, 0, 0, 1, 4620.49, 739123, 4, 0, 0
164, 1525, 0, 3, 0, 0, 0.01%, 0, 0, 1, 4594.61, 762922, 4, 0, 0
169, 1572, 0, 3, 0, 0, 0.01%, 0, 0, 1, 4466.46, 786119, 4, 0, 0
174, 1618, 0, 3, 0, 0, 0.01%, 0, 0, 1, 4454.12, 809130, 4, 0, 0
179, 1664, 0, 3, 0, 0, 0.01%, 0, 0, 1, 4592.62, 832222, 4, 0, 0
184, 1708, 0, 3, 0, 0, 0.01%, 0, 0, 1, 4443.86, 854130, 4, 0, 0
190, 1754, 0, 3, 0, 0, 0.01%, 0, 0, 1, 4489.23, 877220, 4, 0, 0
195, 1798, 0, 3, 0, 0, 0.01%, 0, 0, 1, 4497.65, 899521, 4, 0, 0
200, 1844, 0, 3, 0, 0, 0.01%, 0, 0, 1, 4523.57, 922422, 4, 0, 0
205, 1892, 0, 3, 0, 0, 0.01%, 0, 0, 1, 4580.48, 946122, 4, 0, 0
210, 1936, 0, 3, 0, 0, 0.01%, 0, 0, 1, 4346.88, 968118, 4, 0, 0
215, 1984, 0, 3, 0, 0, 0.01%, 0, 0, 1, 4641.75, 992323, 4, 0, 0
220, 2025, 0, 3, 0, 0, 0.01%, 0, 0, 1, 4280.57, 1012716, 4, 0, 0
225, 2073, 0, 3, 0, 0, 0.01%, 0, 0, 1, 4611.76, 1036622, 4, 0, 0
230, 2121, 0, 3, 0, 0, 0.01%, 0, 0, 1, 4701.03, 1061025, 4, 0, 0
235, 2166, 0, 3, 0, 0, 0.01%, 0, 0, 1, 4477.51, 1083520, 4, 0, 0
240, 2211, 0, 3, 0, 0, 0.01%, 0, 0, 1, 4536.68, 1106021, 4, 0, 0
246, 2257, 0, 3, 0, 0, 0.01%, 0, 0, 1, 4529.84, 1129021, 4, 0, 0
251, 2304, 0, 3, 0, 0, 0.01%, 0, 0, 1, 4660.67, 1152223, 4, 0, 0
256, 2348, 0, 3, 0, 0, 0.01%, 0, 0, 1, 4480.36, 1174420, 4, 0, 0
261, 2396, 0, 3, 0, 0, 0.01%, 0, 0, 1, 4669.37, 1198524, 4, 0, 0
266, 2440, 0, 3, 0, 0, 0.01%, 0, 0, 1, 4390.28, 1220318, 4, 0, 0
271, 2482, 0, 3, 0, 0, 0.01%, 0, 0, 1, 4250.02, 1241516, 4, 0, 0
276, 2529, 0, 3, 0, 0, 0.01%, 0, 0, 1, 4586.09, 1264622, 4, 0, 0
281, 2572, 0, 3, 0, 0, 0.01%, 0, 0, 1, 4271.96, 1286316, 4, 0, 0
286, 2616, 0, 3, 0, 0, 0.01%, 0, 0, 1, 4425.02, 1308218, 4, 0, 0
291, 2661, 0, 3, 0, 0, 0.01%, 0, 0, 1, 4495.89, 1330921, 4, 0, 0
296, 2708, 0, 3, 0, 0, 0.01%, 0, 0, 1, 4546.20, 1354321, 4, 0, 0
301, 2754, 0, 3, 0, 0, 0.01%, 0, 0, 1, 4540.81, 1377321, 4, 0, 0
306, 2801, 0, 3, 0, 0, 0.01%, 0, 0, 1, 4491.75, 1400621, 4, 0, 0
311, 2845, 0, 3, 0, 0, 0.01%, 0, 0, 1, 4433.57, 1422919, 4, 0, 0
312, 2854, 0, 3, 0, 0, 0.01%, 0, 0, 1, 4507.02, 1427137, 4, 0, 0
